717
340
571
179
510
997
419
645
350
104
344
656
321
239
463
954
384
653
678
976
69
457
305
8
860
438
425
910
422
285
50
388
908
469
447
130
989
892
572
102
381
424
174
358
368
631
507
433
873
363
200
650
487
40
735
772
28
920
221
420
342
141
961
582
537
886
405
663
721
25
110
914
864
508
937
718
622
520
543
688
63
830
902
330
238
490
354
591
119
18
95
366
979
371
348
53
279
640
461
1078
18
25
28
40
50
53
63
69
95
102
104
107
110
119
130
141
174
179
200
221
238
239
279
285
305
321
330
340
342
344
348
350
354
358
363
366
368
371
381
384
388
405
419
420
422
424
425
433
438
447
457
461
463
469
487
490
507
508
510
520
537
543
571
572
582
591
622
631
640
645
650
653
656
663
678
688
717
718
721
735
772
830
860
864
873
886
892
902
908
910
914
920
937
954
961
976
979
989
997
